1 0.0
2 1.0018
3 1.6704666666666668
4 2.630175
5 3.46476
6 4.435333333333333
7 5.3673714285714285
8 6.33675
9 7.307266666666667
10 8.28519
11 9.261209090909091
12 10.249875
13 11.235661538461539
14 12.216342857142857
15 13.20896
16 14.1982375
17 15.182829411764706
18 16.17786111111111
19 17.17107894736842
20 18.16278
21 19.162119047619047
22 20.15469090909091
23 21.153326086956522
24 22.1413125
25 23.143464
26 24.134234615384614
27 25.13105185185185
28 26.128689285714287
29 27.127572413793104
30 28.12131
31 29.123309677419353
32 30.11643125
33 31.11879393939394
34 32.10895
35 33.10548857142857
36 34.10973333333333
37 35.10637027027027
38 36.108973684210525
39 37.10043076923077
40 38.10101
41 39.100851219512194
42 40.09544523809524
